9.117714556567338424e-02 3.070760565339613613e-01
9.324848393315120221e-02 4.195443084601079287e-01
1.056336296137845993e-01 5.393068575731039260e-01
1.355483369442498642e-01 6.352983942711738496e-01
1.806363671644569957e-01 7.213651735610953075e-01
2.414573447460769406e-01 7.963941581627576038e-01
3.155394480806062441e-01 8.588509148416054728e-01
4.010743458700927744e-01 9.052339119915875365e-01
4.968123682622178627e-01 9.234277884736253883e-01
5.925761904094206667e-01 9.053640340692965527e-01
6.781738066255522668e-01 8.590801930501699157e-01
7.523224717997850641e-01 7.967014492885212684e-01
8.132115073457992782e-01 7.217509392051874029e-01
8.583789359379476736e-01 6.357355250617047204e-01
8.883732911097167451e-01 5.397769510564214279e-01
9.008599327598715290e-01 4.199832757120183224e-01
9.030721687378875373e-01 3.075111396317993795e-01
2.144748639466595719e-01 1.802483069229133261e-01
2.593006760058628735e-01 1.345050461496395400e-01
3.140038083167446814e-01 1.261300327866910764e-01
3.698168731875122184e-01 1.311295378006205881e-01
4.233793462053593304e-01 1.442178719959506528e-01
4.209350940716050649e-01 1.808266151397180943e-01
3.689331244390445796e-01 1.720027071002906693e-01
3.162651317402124795e-01 1.672542908776741555e-01
2.644465929618347033e-01 1.705468513538951347e-01
5.709517763229411402e-01 1.442997867414281266e-01
6.245246358153578869e-01 1.312645127670204193e-01
6.803431286476342432e-01 1.263329747681756210e-01
7.350393442459619564e-01 1.347582512094557816e-01
7.798397182368739244e-01 1.805462167794447126e-01
7.298645558367746755e-01 1.707915649739034647e-01
6.780417446444239049e-01 1.674404396786738636e-01
6.253714100058218595e-01 1.721377407234891965e-01
5.733577269016052469e-01 1.809017719328345208e-01
4.971039629502423951e-01 2.693318435710763126e-01
4.970670371235162421e-01 3.289458972296301353e-01
4.970383064543620333e-01 3.888252720577615729e-01
4.970108273215930184e-01 4.470593901589990371e-01
4.167532237346032176e-01 5.157845598266124210e-01
4.566218119751530025e-01 5.159819669519823959e-01
4.969672183245806840e-01 5.165962001067571085e-01
5.373074892248207446e-01 5.160128328256223806e-01
5.771706785651540272e-01 5.158442734068904301e-01
2.684941907553962115e-01 2.813983522646736346e-01
2.969979423754284253e-01 2.740397254063809962e-01
3.294636854253890634e-01 2.703209694560773091e-01
3.633617279004507927e-01 2.711706663247248628e-01
3.929281365830664674e-01 2.785018696846432440e-01
3.623960357848370339e-01 2.867719677891417684e-01
3.297727497805922336e-01 2.901352773354629044e-01
2.980728141303929379e-01 2.882338944562189975e-01
6.012627790095463887e-01 2.785920886796013907e-01
6.308255960460371625e-01 2.712934136169288801e-01
6.647306122658396266e-01 2.704834108324171704e-01
6.971932224072908690e-01 2.742390081816366010e-01
7.257105605848606089e-01 2.816309993675688572e-01
6.961143284743199766e-01 2.884362719561427424e-01
6.644065092670614625e-01 2.902997401062253346e-01
6.317958174204942878e-01 2.869034286839944325e-01
3.754183976218491980e-01 6.668573196659389746e-01
4.136261648398762980e-01 6.269406317323985567e-01
4.663846667472142382e-01 6.015790152218948306e-01
4.969300254150555429e-01 6.080384737714517041e-01
5.274888273915714354e-01 6.016006662906664415e-01
5.802302004128410129e-01 6.270102027586250681e-01
6.184282540161929465e-01 6.670037973455521518e-01
5.886935385811215005e-01 7.000144412700790575e-01
5.473300909077793985e-01 7.226040310751556950e-01
4.969123750060855382e-01 7.309879118511296570e-01
4.464984460184415194e-01 7.225474135444773793e-01
4.051394254601542455e-01 6.999065044048076167e-01
3.869718964142456197e-01 6.665801103933310934e-01
4.567991592034709170e-01 6.420925152037552097e-01
4.969074524884794508e-01 6.394623672378384471e-01
5.370233846348109186e-01 6.421328868683788826e-01
6.068695681547343623e-01 6.667006314815718815e-01
5.367807454392173883e-01 6.848849543226475101e-01
4.969361004104348445e-01 6.883303305659075333e-01
4.570929364191549382e-01 6.848393986123336719e-01
3.317671576420914148e-01 2.805037740939129720e-01
6.624182869417079011e-01 2.806610788168709680e-01
