# mean
-4.114808372955174876e-01 -2.398413785759001271e-01
-4.088735400680590382e-01 -1.308687316964462777e-01
-3.972258399191757605e-01 -2.222098205479679928e-02
-3.745219144405926848e-01 8.416325268592721176e-02
-3.321371402716530863e-01 1.827523085388427782e-01
-2.675243020856310494e-01 2.681752425049609978e-01
-1.882110885646762488e-01 3.396197603648927754e-01
-1.001318932210173707e-01 3.966134382116064949e-01
-2.568336097838577414e-17 4.137289852354598119e-01
1.001318932210173984e-01 3.966134382116063839e-01
1.882110885646762766e-01 3.396197603648927199e-01
2.675243020856310494e-01 2.681752425049609978e-01
3.321371402716531973e-01 1.827523085388427782e-01
3.745219144405926848e-01 8.416325268592722564e-02
3.972258399191757605e-01 -2.222098205479679234e-02
4.088735400680589827e-01 -1.308687316964462777e-01
4.114810684231693383e-01 -2.398413785759000161e-01
-3.314631763251482677e-01 -3.215927960384679096e-01
-2.807048990637395214e-01 -3.676784413384415195e-01
-2.083461292970731626e-01 -3.814757485449277175e-01
-1.332903979525234539e-01 -3.709605329962771259e-01
-6.403998665185892114e-02 -3.415410415815252065e-01
6.403998665185892114e-02 -3.415410415815252620e-01
1.332903979525234539e-01 -3.709605329962770148e-01
2.083461292970731626e-01 -3.814757485449277175e-01
2.807048990637395769e-01 -3.676784413384414640e-01
3.314631763251484342e-01 -3.215927960384680206e-01
-2.563798401552643464e-17 -2.583021558426563113e-01
-2.634888976698941079e-17 -1.886561425974754569e-01
-2.644720651985131149e-17 -1.195139625229350716e-01
-2.547916464551874796e-17 -4.831781189240558216e-02
-8.602584026715591470e-02 9.718722667253774971e-04
-4.470234542781421905e-02 1.626212431673948119e-02
-2.533547092979751085e-17 2.899435626972593147e-02
4.470234542781418435e-02 1.626212431673948466e-02
8.602584026715592858e-02 9.718722667253761960e-04
-2.506318127497610404e-01 -2.476113163187696198e-01
-2.056672860966182181e-01 -2.728339503919479658e-01
-1.513056391432822112e-01 -2.722910188969875911e-01
-1.035817790488537393e-01 -2.375403968038508895e-01
-1.542242616168945091e-01 -2.290948549210415353e-01
-2.084240210810680283e-01 -2.295762088822495828e-01
1.035817790488537393e-01 -2.375403968038509173e-01
1.513056391432822390e-01 -2.722910188969877021e-01
2.056672860966182181e-01 -2.728339503919479658e-01
2.506318127497610404e-01 -2.476113163187696198e-01
2.084240210810680283e-01 -2.295762088822496105e-01
1.542242616168945091e-01 -2.290948549210415630e-01
-1.606916528208796047e-01 1.338149961279397615e-01
-1.018051151549218963e-01 1.079850567726922533e-01
-4.189759592703177354e-02 9.501072991981032723e-02
-2.577411490410445004e-17 1.052343382133888033e-01
4.189759592703173885e-02 9.501072991981032723e-02
1.018051151549218963e-01 1.079850567726922672e-01
1.606916528208796602e-01 1.338149961279398170e-01
1.036164167093738681e-01 1.924031064456232509e-01
4.555027436282198944e-02 2.178841413233538749e-01
-2.601612537268759092e-17 2.226530636528416263e-01
-4.555027436282201025e-02 2.178841413233538749e-01
-1.036164167093738681e-01 1.924031064456231954e-01
-1.361551736371352517e-01 1.367947861736306947e-01
-4.244157071342387344e-02 1.299282548473156551e-01
-2.575898924981800662e-17 1.341923894131648587e-01
4.244157071342389426e-02 1.299282548473155996e-01
1.361551736371352517e-01 1.367947861736306669e-01
4.332398365053739819e-02 1.652695814531062179e-01
-2.577411490410445004e-17 1.704923887447389319e-01
-4.332398365053741901e-02 1.652695814531062735e-01
